[ame][ar]AK74,0,0,0,0,0,0,0,0,0,0,0,0,0,0,0;
[ame][ar]F2000,35,0,0,0,0,0,0,0,0,0,0,0,0,0,0;
[ame][ar]AUG A3,75,0,0,0,0,0,0,0,0,0,0,0,0,0,0;
[ame][ar]SG550,80,0,0,0,0,0,0,0,0,0,0,0,0,0,0;
[ame][ar]FAMAS,95,0,0,0,0,0,0,0,0,0,0,0,0,0,0;
[ame][ar]ACR,110,0,0,0,0,0,0,0,0,0,0,0,0,0,0;
[ame][ar]G36C,120,0,0,0,0,0,0,0,0,0,0,0,0,0,0;
[ame][ar]HK419,135,0,0,0,0,0,0,0,0,0,0,0,0,0,0;
[ame][ar]AK5C,145,0,0,0,0,0,0,0,0,0,0,0,0,0,0;
[amesr][br]AK15,15,0,0,0,0,0,0,0,0,0,0,0,0,0,0;
[amesr][br]SCAR-H,50,0,0,0,0,0,0,0,0,0,0,0,0,0,0;
[amesr][br]G3,90,0,0,0,0,0,0,0,0,0,0,0,0,0,0;
[amesr][br]FAL,140,0,0,0,0,0,0,0,0,0,0,0,0,0,0;
[ame][cab]M4A1,0,0,0,0,0,0,0,0,0,0,0,0,0,0,0;
[ame][cab]AS VAL,105,0,0,0,0,0,0,0,0,0,0,0,0,0,0;
[me][cab]ScropionEvo,150,0,0,0,0,0,0,0,0,0,0,0,0,0,0;
[ae][pdw]MP7,0,0,0,0,0,0,0,0,0,0,0,0,0,0,0;
[ae][pdw]PP2000,25,0,0,0,0,0,0,0,0,0,0,0,0,0,0;
[ae][pdw]Honey Badger,25,0,0,0,0,0,0,0,0,0,0,0,0,0,0;
[ae][pdw]Honey Badger,35,0,0,0,0,0,0,0,0,0,0,0,0,0,0;
[ae][pdw]GROZA,55,0,0,0,0,0,0,0,0,0,0,0,0,0,0;
[ae][pdw]P90,125,0,0,0,0,0,0,0,0,0,0,0,0,0,0;
[am][smg]UMP45,0,0,0,0,0,0,0,0,0,0,0,0,0,0,0;
[am][smg]PP19,45,0,0,0,0,0,0,0,0,0,0,0,0,0,0;
[am][smg]Kriss Vector,70,0,0,0,0,0,0,0,0,0,0,0,0,0,0;
[am][smg]MP5,90,0,0,0,0,0,0,0,0,0,0,0,0,0,0;
[am][smg]MP5,90,0,0,0,0,0,0,0,0,0,0,0,0,0,0;
[s][lsg]L86A1,0,0,0,0,0,0,0,0,0,0,0,0,0,0,0;
[s][lsg]MG36,50,0,0,0,0,0,0,0,0,0,0,0,0,0,0;
[s][lmg]M249,20,0,0,0,0,0,0,0,0,0,0,0,0,0,0;
[s][lmg]ULTIMAX100,100,0,0,0,0,0,0,0,0,0,0,0,0,0,0;
[aer][dmr]MK20,10,0,0,0,0,0,0,0,0,0,0,0,0,0,0;
[aer][dmr]M110,40,0,0,0,0,0,0,0,0,0,0,0,0,0,0;
[aer][dmr]MK14 EBR,60,0,0,0,0,0,0,0,0,0,0,0,0,0,0;
[aer][dmr]SVD,115,0,0,0,0,0,0,0,0,0,0,0,0,0,0;
[r][sr]SSG 69,0,0,0,0,0,0,0,0,0,0,0,0,0,0,0;
[r][sr]SV98,30,0,0,0,0,0,0,0,0,0,0,0,0,0,0;
[r][sr]L96,65,0,0,0,0,0,0,0,0,0,0,0,0,0,0;
[r][sr]REM700,85,0,0,0,0,0,0,0,0,0,0,0,0,0,0;
[r][sr]m200,100,0,0,0,0,0,0,0,0,0,0,0,0,0,0;
[r][sr]MSR,130,0,0,0,0,0,0,0,0,0,0,0,0,0,0;
[amesr][pistol]MP443,0,0,0,0,0,0,0,0,0,0,0,0,0,0,0;
[amesr][pistol]M9,0,0,0,0,0,0,0,0,0,0,0,0,0,0,0;
[amesr][pistol]USP,60,0,0,0,0,0,0,0,0,0,0,0,0,0,0;
[amesr][ap]Glock 18,80,0,0,0,0,0,0,0,0,0,0,0,0,0,0;
[amesr][hcp]Unica,40,0,0,0,0,0,0,0,0,0,0,0,0,0,0;
[amesr][hcp]Desert Eagle,100,0,0,0,0,0,0,0,0,0,0,0,0,0,0;
[amesr][hcp]RSH12,120,0,0,0,0,0,0,0,0,0,0,0,0,0,0
